-5 0
-17 0.15
-10 0.15
-5 0.15
-5 0
-2 0
-14 0.45
-5 0
-17 0.3
-3 0
-7 0
-15 0.3
-2 0
-14 0.3
0 0
-12 0.3
3 0
-9 0.3
2 0
-10 0
-2 0.45
-5 0
-17 0.45
-14 0
-2 0.3
-3 0
-7 0
-15 0.3
-2 0
-14 0.3
0 0
-12 0.3
-3 0
-15 0.3
-2 0
-5 0
-14 0.6
-5 0
-10 0.15
-7 0
-3 0.15
-2 0
-5 0.15
0 0
-3 0.15
2 0
-7 0
-3 0.45
2 0
-7 0.075
4 0
-5 0.075
5 0
-7 0.3
-3 0
-15 0.3
-14 0
-9 0
-5 0.6
-5 0
-9 0.15
-3 0
-7 0.15
-2 0
-5 0.15
0 0
-3 0.15
-3 0.15
-7 0.15
-3 0.15
0 0.15
-7 0
5 0.6
-17 0.15
-17 0.15
-17 0
-22 0.15
-17 0.15
-22 0
-17 0.15
-17 0.15
-17 0.15
-24 0
-17 0.15
-17 0.15
-17 0
-22 0.15
-17 0.15
-17 0.15
-16 0.15
-17 0.15
-18 0
-6 0.45
-17 0.15
-10 0.15
-12 0.3
-14 0.3
-15 0.3
-15 0.15
-15 0.15
-17 0.15
-15 0.15
-17 0.15
-14 0.45
-17 0.15
-17 0.15
-17 0.3
-14 0.3
-15 0.3
-14 0.15
-15 0.15
-17 0.15
-15 0.15
-18 0.15
-12 0.45
-17 0.15
-10 0.3
-12 0.15
-10 0.3
-9 0.3
-9 0.15
-10 0.15
-10 0.15
-12 0.15
-14 0.15
-15 0.15
-14 0.3
-17 0.15
-10 0.6
-17 0.15
-10 0.45
-9 0.3
-10 0
-18 0.15
-12 0.6
-5 0
-14 0.15
-2 0
-10 0.3
-2 0
-10 0.15
-2 0
-10 0.3
-2 0
-10 0.3
-2 0
-10 0.3
-2 0
-10 0.3
-3 0
-12 0.15
-3 0
-12 0.45
-5 0.15
2 0
-10 0.15
2 0
-10 0.15
2 0
-10 0.15
-12 0
0 0.3
3 0
-9 0.3
-9 0
3 0.15
2 0
-10 0.3
-12 0
0 0.15
2 0
-10 0.6
-5 0
-10 0.15
-5 0
-10 0.3
-10 0
-5 0.15
-5 0
-10 0.3
-5 0
-10 0.3
-5 0
-10 0.3
-5 0.15
-5 0.15
-2 0.15
0 0.15
2 0
-2 0
-5 0.45
3 0
-5 0.3
-5 0
2 0.15
-5 0
-2 0.3
-3 0
-6 0.3
-2 0
-5 0.3
-3 0
0 0.75
-21 0.3
-3 0
-15 0.3
-2 0
-14 0.3
-3 0
-15 0.3
-15 0
-3 0.45
-5 0
-17 0.45
-5 0
-17 0.3
2 0
-10 0
-24 0.3
-2 0
-14 0.3
-2 0
-14 0.3
-3 0
-15 0.3
-3 0
-15 0.3
-5 0
-17 0.15
-2 0
-14 0.9
-19 0.15
-17 0.3
-19 0.15
-19 0.3
-17 0.45
-19 0.15
-17 0.45
-19 0.3
-15 0
-12 0.3
-14 0
-17 0.3
-15 0
-18 0.3
-10 0
-15 0.6
-12 0
-15 0.3
-14 0
-17 0.3
-15 0
-18 0.6
-2 0
-5 0.3
-2 0
-5 0.3
-3 0
-7 0.15
-2 0
-5 0.3
-5 0
-9 0.15
-5 0
-9 0.6
-5 0
-9 0.15
-2 0.15
-9 0
-5 0
2 0.3
0 0.15
0 0
-5 0
-9 0.3
-2 0.15
-2 0
-5 0
-9 0.6
7 0
-2 0.45
7 0
-2 0.45
5 0
-3 0.75
-5 0
-17 0.15
-2 0
-14 0.15
0 0
-12 0.45
-2 0
-14 0.3
0 0
-12 0.3
-2 0
-14 0.3
2 0
-3 0
-6 0
-10 0.3
-10 0
2 0.15
-10 0
-6 0
-3 0
2 0.3
-2 0
-14 0.15
3 0
-9 0.15
-6 0
-12 0
0 0
-3 1.05
-5 0.15
-2 0
2 0
-10 0.45
0 0
-12 0.3
0 0
-12 0.15
-2 0
-14 0.3
-7 0
2 0
5 0.45
3 0
-9 0.3
2 0
-10 0.15
3 0
-9 0.3
2 0
-10 0
-2 0.3
0 0
-12 0.15
0 0
-12 0.6
-5 0
-17 0.15
-3 0
-15 0.15
-2 0
-14 0.15
-3 0
-15 0.3
-14 0
-2 0.3
0 0
-12 0.3
2 0
-2 0
-10 0.45
0 0
-12 0.3
0 0
-12 0.15
-2 0
-14 0.3
5 0
2 0
-7 0.45
-9 0
3 0.3
-10 0
2 0.15
3 0
-9 0.3
2 0
-10 0
-2 0.3
-2 0
-14 0.15
-2 0
-14 0.6
-2 0
-14 0.15
-2 0
-14 0.15
-10 0
2 0.15
0 0
-12 0.3
0 0
-3 0
-12 0.6
-2 0
-14 0
-5 0.45
5 0
-7 0.3
5 0
-7 0.15
-2 0
-14 0.3
-3 0
-15 0.3
-14 0
-2 0.3
0 0
-12 0
-3 0.6
-3 0
-10 0
2 0.45
3 0
-9 0.3
2 0
-10 0.15
-2 0
-14 0.3
-3 0
-15 0.3
-2 0
-14 0.15
0 0
-12 0.15
-14 0
-2 0.45
-5 0.3
2 0
-2 0
-10 0.3
2 0
-10 0.15
2 0
-10 0.3
3 0
-9 0.3
2 0
-10 0.45
-2 0
-14 0.3
-2 0
-14 0.15
-10 0
2 0.3
0 0
-3 0
-12 0.75
-2 0
-14 0.6
-10 0
-6 0
-3 0
2 0.3
0 0
-12 0.15
-2 0
-14 0.3
-15 0
-3 0.3
-2 0
-12 0
-5 0.15
-12 0.15
-22 0.15
-17 0.15
-14 0.45
-17 0.3
-15 0
-19 0.3
-14 0
-17 0.3
-12 0
-15 0.3
-9 0
-12 0.3
-10 0
-14 0.3
-2 0
-5 0.3
-3 0
-7 0.3
-7 0
-10 0.3
0 0
-12 0
-3 0.6
3 0
0 0
-9 0.45
3 0
-9 0.15
2 0
-2 0
-10 0.6
-17 0.15
-15 0.15
-14 0.15
-12 0.15
-10 0
-15 0
-19 0.6
-7 0.3
-15 0.3
-17 0
-21 0.9
-2 0
-14 0.3
0 0
-3 0
-12 0.6
-3 0
-7 0
-15 0.45
-2 0
-5 0
-14 0.3
-5 0.15
-7 0.15
-5 0.3
-5 0.3
-5 0.3
-12 0.15
-3 0.15
-7 0.15
0 0.15
-3 0.15
5 0.15
0 0.15
-5 0.15
-5 0.15
-7 0.15
-5 0.3
-5 0.3
-3 0.15
-2 0.3
-3 0.3
-5 0.15
-7 0.45
7 0
-5 0.15
7 0
-5 0.15
5 0
-7 0.15
7 0
-5 0.3
7 0
-5 0.3
7 0
-5 0.3
7 0
-5 0.15
5 0
-7 0.15
7 0
-5 0.15
-4 0
8 0.15
7 0
-5 0.15
7 0
-5 0.3
